+550996221948
+5510083290868
+5510909746294
+5510971408169
+5510972077748
+5510981367020
+5510983200868
+5510998977778
+5511052017255
+5511057502270
+5511060823218
+5511082266025
+551123828562
+5511243345939
+5511585028132
+551173376688
+5511900754200
+5511906321133
+5511908740025
+5511910695734
+5511912563434
+5511912800639
+5511913023065
+5511915732317
+5511915755567
+5511916821007
+5511930158129
+5511930694405
+5511930694407
+5511930922606
+551193282726
+5511933308213
+5511933808183
+5511934049333
+5511934574050
+5511934684068
+5511940022658
+5511940038658
+5511940117712
+5511940131271
+5511940138259
+5511940162595
+5511940177033
+551194017712
+5511940303169
+5511940308792
+5511940314330
+5511940327288
+5511940365490
+551194062595
+5511940825584
+5511940825684
+5511941540848
+5511941670632
+5511942139899
+5511942184771
+5511942800737
+5511942800738
+5511942975655
+5511942976655
+5511943076272
+5511943226237
+5511943345939
+5511943790837
+551194424150
+5511944508303
+5511945772559
+5511945942342
+551194666968
+5511947010273
+551194710381
+5511947110381
+5511947133872
+5511947238448
+5511947298642
+5511947307438
+5511947311844
+5511947319826
+5511947337402
+5511947353181
+5511947354080
+5511947390445
+5511947423624
+5511947451106
+5511947458535
+5511947458585
+5511947459917
+5511947462077
+5511947464686
+5511947486035
+5511947511120
+5511947514008
+5511947526464
+5511947612008
+5511947623465
+5511947690492
+5511947764747
+5511947787735
+5511947873322
+5511947873822
+5511947883107
+5511947966517
+5511948030781
+5511948087174
+5511948190974
+5511948987174
+5511949177033
+5511949541216
+5511949643461
+5511949809405
+5511950160444
+5511950341044
+5511950389464
+5511950710403
+5511950760444
+5511950770443
+5511950822218
+5511951134272
+5511951785163
+5511952192302
+5511952192392
+5511952322099
+5511952322994
+5511952354109
+5511952426185
+5511952770009
+5511954393223
+5511954393433
+5511954393435
+5511954397336
+5511957004400
+5511957999592
+5511958206205
+5511958206295
+5511958806988
+5511960364575
+5511960598083
+5511960754300
+5511960823218
+5511960841646
+551196094575
+5511962192392
+5511962322994
+5511962551626
+5511962628452
+5511963043784
+5511963176326
+5511963176336
+5511963207495
+5511963297495
+5511963410000
+5511963735225
+551196375225
+5511963874346
+5511964047865
+5511964295523
+5511964659030
+5511964659039
+5511964870299
+5511964997742
+5511965762610
+5511966078843
+5511966490500
+5511966527373
+5511966527378
+5511967164555
+5511967164655
+5511967999592
+5511970148351
+5511970875723
+551197104360
+5511971161607
+5511971304360
+5511971380383
+5511971932784
+5511971933784
+5511972009705
+5511972014030
+5511972208623
+5511972208854
+5511972406068
+5511972617883
+5511972914030
+5511972914080
+5511973206943
+5511973209470
+5511973376688
+5511973444799
+5511973556793
+551197376688
+5511973926021
+5511974891451
+5511974983676
+5511975510714
+5511975555105
+5511976260195
+5511976264195
+5511976510714
+5511976872548
+5511976884403
+5511976893139
+5511976898189
+5511976976663
+5511977441260
+5511978582608
+5511979689797
+5511979701288
+5511980115072
+5511980121734
+551198015072
+5511980497048
+5511980497948
+5511980559267
+5511980752754
+5511980841646
+5511980854659
+5511981266457
+5511981725365
+5511981846417
+5511981932790
+551198211112
+5511982211374
+5511982266025
+5511982712109
+5511982808820
+5511982878330
+5511983568810
+5511983710773
+5511983830520
+5511983848077
+5511984134101
+5511984150613
+5511984150614
+5511984230845
+5511984290275
+5511984309240
+5511984399249
+5511984440248
+5511984544556
+5511984816346
+5511984870299
+5511985027419
+5511985028132
+5511985558457
+5511985727744
+5511985823560
+5511986017959
+5511986027819
+5511986638400
+5511986681331
+5511986980015
+5511986981002
+5511987080292
+5511987080416
+5511987603270
+5511987746233
+5511987746333
+5511987857571
+5511987898700
+5511987957528
+5511987957562
+5511988419066
+5511988438970
+5511989033636
+5511989171381
+5511989267321
+5511989386502
+5511989493678
+5511989493878
+5511989752754
+5511989752764
+5511991396431
+5511991425876
+5511991486855
+5511992005830
+5511992052650
+5511992459155
+5511992502750
+5511992703428
+5511992733679
+5511993282726
+5511993374862
+5511993889973
+5511994224708
+5511994382678
+5511994424150
+5511994456616
+5511994666968
+5511994730397
+5511994751503
+5511994850135
+5511994984615
+5511994994142
+5511995120888
+5511995129888
+5511995810538
+5511996040382
+5511996138730
+5511996139956
+5511996236191
+5511996286660
+5511996321133
+5511996337665
+5511996337668
+5511996340146
+5511996491968
+5511996510459
+5511996515475
+5511996572540
+5511996573540
+5511996674075
+5511996674975
+5511996681858
+5511996941200
+5511997080292
+5511997226045
+5511997255821
+5511997484717
+5511997916025
+551199796025
+5511998326521
+5511998329178
+5511999029607
+5511999055573
+5511999066336
+5511999199750
+5511999404180
+5511999415716
+5511999493878
+5511999512477
+5511999540800
+5511999729881
+5511999760639
+5511999780639
+5511999886336
+5511999897882
+5512007202020
+5512097335033
+5512974040076
+5512974065686
+5512981007566
+5512981172043
+5512981172943
+551298172943
+5512981740202
+5512982491584
+5512982645800
+5512982822201
+5512983200214
+5512988145435
+5512988277225
+5512988507979
+5512991225703
+5512991286457
+5512991371209
+5512991371299
+5512991752898
+5512991971299
+5512992282150
+5512992439138
+5512996000369
+5512996009976
+5512997046309
+5512997131495
+5512997218793
+5512997652501
+5512997773818
+551397072736
+5513972072736
+5513974038943
+5513974072736
+551397410104
+5513974110104
+5513974137602
+5513991955458
+5513997054618
+5513997189606
+5513997394080
+5513997508353
+5513997748321
+5513997852212
+5514007522016
+5514081024710
+5514081167070
+5514907222818
+5514981187070
+5514981783333
+5514981824710
+551498824710
+5514996079058
+5514996445173
+5514996842598
+5514997222818
+5514997570444
+5514997649300
+5514997786054
+5514997908191
+5514998704476
+5514998818686
+5514998821203
+5515096960626
+5515097788970
+551551498182
+551551593955
+551551997403
+551552199725
+551552799723
+551553400875
+551555199983
+551556190989
+551557100226
+551557119503
+551557119708
+551557194797
+551557706832
+551558190146
+551558599196
+551565119964
+551565189915
+5515974023375
+5515996197221
+5515996254795
+5515996969626
+5515997335876
+5515997395680
+5515997430559
+5515997652884
+5515997788970
+5515997792216
+5515997817817
+5515998477524
+5516081312653
+5516082340055
+5516097843697
+551656490269
+5516901833832
+5516981210536
+5516981261881
+5516981293170
+5516981312553
+5516981312653
+5516982340055
+5516982340065
+5516982600075
+5516982600076
+5516988125598
+5516988128836
+5516991008487
+5516991126422
+5516991306757
+5516991308757
+5516991543528
+5516991757484
+5516991833832
+5516992019191
+5516992133505
+5516993734545
+5516996322543
+5516997062372
+5516997110308
+5516997169567
+5516997683560
+5516997683569
+5516997708757
+5516997843697
+5516997857315
+5516997895533
+5516999936050
+5516999991887
+551743345930
+5517984150614
+5517992298922
+5517992540705
+5517992830658
+5517996238346
+5517996260034
+5517996457644
+5517997051503
+5517997322777
+5517997452236
+5517997452267
+5517997452367
+5517997816515
+5517997911837
+5518006658571
+5518920024265
+5518981426664
+5518991426664
+5518991574532
+5518996010642
+5518996209170
+5518996293058
+5518996658571
+5518996691420
+5518997003499
+5518997325033
+5518997335033
+5518997513760
+5518997613644
+5518997718385
+5519000444352
+5519002662036
+5519083187654
+5519087420305
+5519089314699
+5519097342977
+551925341100
+551926341100
+5519901089893
+5519901692479
+551993290868
+551997097413
+5519971408169
+5519971494603
+5519971494693
+5519971637577
+5519974023468
+5519974026085
+5519974039253
+5519974062560
+5519974074987
+5519974077748
+5519974097413
+5519974119433
+5519974140122
+5519974155322
+5519974156322
+5519981367020
+5519981750905
+5519981817002
+5519981918935
+5519982043805
+5519983151735
+5519983187654
+5519983290868
+5519983411314
+5519984033994
+5519987420305
+5519988770190
+5519988784967
+5519988903330
+5519989314699
+5519991244168
+5519991684726
+5519991684736
+5519991692479
+5519991989893
+5519992191070
+5519992397022
+5519992662036
+5519992738944
+5519993882380
+5519994285188
+551999444352
+5519995377333
+5519995454500
+5519995879696
+5519996355673
+5519996502190
+5519996503190
+5519996820612
+5519996920612
+5519997096066
+5519997212608
+5519997344977
+5519997436568
+5519997526985
+5519997681014
+5519997756876
+5519997831720
+5519997910466
+5519997995297
+5519998047552
+5519998047553
+5519998427313
+5519998605112
+5519998662636
+5519998977778
+5519998985042
+5519999056100
+5519999098880
+5519999140556
+5519999140565
+5519999210407
+5519999746294
+552134211108
+5521906527786
+5521954692038
+5521964657216
+5521964687881
+5521964692038
+5521965233333
+5521970086707
+5521970240610
+5521970476006
+5521972180094
+5521972265763
+5521972285763
+5521977460894
+5521980004090
+5521981713346
+5521983313342
+5521984914239
+5521987788712
+5521989874352
+5521991036561
+5521991655804
+5521993268501
+5521993972349
+5521994215021
+5521995674668
+5521996527786
+5521997251822
+5521998090756
+5521999011717
+552199901717
+5521999715858
+5521999738454
+5521999811156
+5521999890761
+5522092165388
+5522974021331
+5522981252310
+5522992165388
+5522997603033
+5522997642410
+5522998943374
+5522999741212
+5524992013737
+5524992428157
+5524992913737
+5524999494660
+5524999977431
+552552705006
+5527006685620
+5527995754834
+5527996685620
+5527996685629
+5527997151705
+5527997238375
+5527998129732
+5527999554734
+5527999701517
+5531099115370
+5531975278676
+5531984699659
+5531984736757
+5531984899659
+5531985637882
+5531986691357
+5531986899977
+5531987120500
+5531987572672
+5531987573872
+5531988451701
+5531988979371
+5531990708591
+5531990708691
+5531991036561
+5531991138135
+5531991335331
+5531992130090
+5531992361905
+5531993905118
+5531994742385
+5531995229080
+5531995445471
+5531996012583
+5531996050864
+5531996153973
+5531997689993
+5531998038196
+5531998184443
+5531998978535
+5531999115370
+5531999171760
+5531999354570
+5531999463006
+5531999643835
+5531999825168
+5532999191873
+5532999942990
+553332035055
+5533984263728
+5533984263738
+5533988110123
+5533991212505
+5533991212585
+5533999931870
+5534908832408
+5534988880412
+5534996763891
+5534998074789
+5534998832408
+5535068974000
+5535099078858
+5535132805417
+553534434363
+5535984046801
+5535988558604
+5535988582484
+5535988867358
+5535988974090
+5535998115193
+5535998422302
+5535999145736
+5535999302161
+5535999322047
+5535999835893
+5535999848033
+5535999978858
+5536991544009
+5537050085205
+5537090630085
+5537501040205
+5537984092622
+5537988011100
+553799015370
+5537990675591
+5537991044845
+5537991143385
+5537991290012
+5537998630085
+5537999085265
+5537999115370
+5537999675591
+5537999864840
+5537999869675
+5538091544009
+5538909561708
+5538988177318
+5538988368497
+5538991412012
+5538991544009
+553899412012
+5538998997364
+5538999222237
+5538999561708
+554159604607
+5541906527786
+5541908485410
+5541984516369
+5541988388552
+5541988388874
+5541992909741
+5541996104607
+5541996474777
+5541996527786
+5541996797778
+5541998654353
+5541998654359
+5541998771752
+5541999217220
+5541999390910
+5541999390919
+5541999439410
+5541999465014
+5541999479872
+5541999489410
+5541999811156
+5542991297855
+5542991370535
+5542991397743
+5542998690742
+5542999998644
+5543996483940
+5544091129652
+5544984289724
+5544991129652
+5544991671686
+5544998443419
+554551194762
+554551899142
+554552198331
+554557119401
+554557119527
+554557119701
+554557119960
+554565199741
+554565479914
+5545991330091
+5545999142256
+5546001456100
+554654299129
+5546999227799
+5546999337799
+5547096006542
+5547980281012
+5547988033470
+5547989064885
+5547989281012
+5547991022509
+5547991046746
+5547991388210
+5547991408954
+5547991697634
+5547991854467
+5547991866622
+5547992136605
+5547992204027
+5547992701477
+5547996005542
+5547996094571
+5547996130370
+5547996200941
+5547996300941
+5547996538509
+5547996666001
+5547997227000
+5547997908576
+5547997954477
+5547999122683
+5547999132149
+5547999182335
+5547999333041
+5548099051936
+554831120378
+5548900842114
+5548906221948
+5548906449643
+5548920024265
+5548988314992
+5548988400012
+5548988682732
+5548991486100
+5548991541190
+5548991619402
+5548992182707
+5548992191605
+5548996221948
+5548996449643
+5548999051036
+5548999051936
+5548999842114
+5548999850324
+5549984022688
+5549988329953
+5549988622178
+5549999158164
+5549999379826
+5549999505509
+5549999505598
+5549999806882
+5549999892079
+5549999990635
+5551000840800
+5551040138259
+5551903249546
+5551928987174
+5551981146197
+5551981213147
+5551981218147
+5551981291308
+5551981859825
+5551993240546
+5551993249546
+5551993277543
+5551993618708
+5551994070867
+5551994751503
+5551995158305
+5551995747215
+5551996747215
+5551997041056
+5551997062069
+5551997941056
+5551998588828
+5551998884008
+5551999030750
+5551999318557
+5551999319517
+5551999617418
+5551999691673
+5551999840809
+5551999981840
+5552086222620
+5553999305504
+5553999608362
+555422410144
+555433592291
+5554981632039
+5554981632939
+5554992103144
+5554996270188
+5554996981572
+5555119947515
+555515698812
+5555199989777
+555521999071
+555525341100
+555538699154
+555547050152
+555548099148
+555562198331
+555571198774
+555571198975
+5555798212586
+555590098837
+5555984150613
+5555991212585
+555651194030
+555651194742
+555651196649
+555651197014
+555651199906
+555651199919
+555651199941
+555651399750
+555651899157
+555652899909
+555655199931
+555656499908
+5556984046801
+5557997941056
+5561981114158
+556198114158
+5561981276734
+5561982294005
+5561983042664
+5561983151115
+5561983151116
+5561990975113
+5561991198805
+5561995886016
+5561996792926
+5561998696917
+5561999098900
+5561999190891
+5561999457944
+5561999789395
+5561999975113
+5562092178889
+5562902178889
+5562906072807
+5562981055731
+5562981798746
+5562984206753
+5562984998577
+5562985655285
+5562985930260
+5562986222629
+5562986601406
+5562992178889
+5562992529900
+5562994345883
+5562996072807
+5562996750436
+5562998310571
+5562999000965
+5563984029290
+5563992104263
+5563992195655
+5563992322795
+5563992742011
+5564992321230
+5564992693603
+5564996432069
+5564999080607
+5565909445256
+5565987875818
+5565992762185
+5565993079780
+5565996132667
+5565996760687
+5565996960964
+5565996969645
+5565999445256
+5566990513977
+5566996432846
+5566996702576
+5566996776679
+5566996792576
+5566996930801
+5566999203999
+5566999433203
+5566999441800
+5566999512977
+5566999513977
+5566999573977
+5566999661781
+5567981364939
+5567991586951
+5567992052584
+5567992159914
+5567992169914
+5567992235880
+5567992952239
+5567998773464
+5567999104178
+5567999833173
+5569981021304
+5569984327304
+5569984551756
+5569992074153
+5569992698672
+5571070875733
+5571903426606
+5571915755567
+5571940138259
+5571942800737
+5571947319826
+5571950710443
+5571963410000
+5571966078843
+5571970976663
+5571983848077
+5571988467554
+5571988487554
+5571988487654
+5571992289669
+5571992318078
+5571992971888
+5571993516600
+5571999633792
+5571999914453
+5573981691271
+5573988239151
+557399056036
+5573991056036
+5573999538285
+5574097222818
+5574988620037
+5575981782142
+5575983185862
+5575991609376
+5575991654127
+5577043426606
+5577988320432
+5577991459099
+5577998138559
+5577998138565
+5577998255790
+5577998451300
+5577999514988
+5577999574988
+5577999739626
+5581901091417
+5581901464462
+5581981020304
+5581981032006
+5581986038827
+5581986277961
+5581991091417
+5581991464462
+5581991929998
+5581992726350
+5581992726359
+5581999004343
+5581999093707
+5581999682153
+5582991124543
+5582993011052
+5582996730005
+5582999040304
+5583987156206
+5583990726417
+5583993067689
+5583998018898
+5583999726417
+5585985574559
+5585987875818
+5585988024024
+5585991968436
+5585994075740
+5585997039051
+5585997260007
+5585999984807
+5586981715000
+5586994342384
+5586995330227
+5586999351474
+5586999659410
+5587984092622
+5587991931436
+5588997025252
+5588999990999
+5589999297467
+5590455189966
+559065747215
+559083808200
+5591903934756
+5591981113941
+5591981173941
+5591982036880
+5591993934756
+5592216767788
+5592981491000
+5592991676508
+5592991676598
+5592992102117
+5592992517507
+5592993469663
+5592993991758
+5594981401452
+5594991420791
+5594992066209
+5594992086209
+5594992266118
+5594992286118
+5594992468068
+5596091870265
+559632410000
+5596991879265
+559823042664
+5598984193863
+5598991697611
+559906238346
+5599988372307
+5599991880315
+5599992084141
+5599992097212